8.82685
1.88795
3.3214
1.24071
7.68586
8.85502
6.64583
7.53061
3.41195
4.75947
0.0119643
0.221545
1.26753
5.72585
0.169204
5.30185
9.21849
3.46402
2.51592
5.0806
1.16353
8.64934
8.15961
8.3182
0.629595
0.936581
4.45675
8.70864
3.36936
0.2659
2.22883
0.999832
4.77452
1.43336
8.73748
8.80882
5.17254
5.57208
3.89905
7.09279
6.55577
8.76469
7.95001
9.17146
8.43238
3.69969
6.37529
1.33133
8.95456
8.68322
6.67076
8.69817
9.17533
5.12006
6.69615
1.60535
1.33173
7.31207
5.94175
0.0666857
0.901491
1.1855
6.40831
2.38548
4.25992
5.87014
7.377
9.91304
2.22581
9.44781
8.11244
4.07606
0.298598
8.4159
4.78406
0.30264
7.40505
1.65678
8.66036
0.904565
9.64674
0.444704
8.99889
4.64443
2.16595
1.27915
2.51716
9.56474
4.25119
9.25397
7.65354
0.937373
8.24402
6.41094
8.7582
9.98798
1.66762
0.163401
2.67153
7.23734
